200 3991
1 2
1 4
1 6
1 7
1 11
1 12
1 31
1 32
1 35
1 40
1 43
1 44
1 49
1 56
1 68
1 71
1 77
1 78
1 80
1 86
1 93
1 94
1 97
1 102
1 106
1 132
1 136
1 146
1 148
1 158
1 164
1 165
1 167
1 175
1 179
1 190
1 200
2 5
2 8
2 10
2 17
2 21
2 23
2 28
2 34
2 43
2 44
2 45
2 47
2 48
2 51
2 53
2 54
2 63
2 74
2 80
2 86
2 87
2 95
2 96
2 108
2 110
2 114
2 115
2 117
2 118
2 120
2 121
2 125
2 128
2 129
2 134
2 139
2 140
2 141
2 146
2 149
2 150
2 158
2 161
2 165
2 171
2 173
2 180
2 186
2 189
2 192
2 193
2 196
2 198
3 6
3 14
3 16
3 18
3 22
3 35
3 47
3 51
3 62
3 63
3 64
3 66
3 69
3 76
3 87
3 98
3 99
3 104
3 106
3 107
3 111
3 115
3 117
3 119
3 121
3 123
3 124
3 132
3 152
3 153
3 155
3 160
3 165
3 168
3 169
3 170
3 174
3 182
3 186
3 197
3 199
3 200
4 15
4 16
4 21
4 56
4 57
4 62
4 63
4 69
4 80
4 81
4 89
4 90
4 91
4 93
4 94
4 99
4 101
4 104
4 110
4 121
4 122
4 123
4 124
4 125
4 138
4 139
4 141
4 144
4 146
4 148
4 149
4 151
4 152
4 154
4 157
4 158
4 166
4 167
4 169
4 170
4 183
4 192
4 196
4 199
5 8
5 12
5 18
5 23
5 28
5 31
5 41
5 53
5 59
5 61
5 64
5 68
5 75
5 78
5 82
5 96
5 100
5 109
5 111
5 121
5 122
5 126
5 127
5 143
5 146
5 162
5 163
5 176
5 184
5 190
5 193
5 194
5 195
5 199
6 10
6 13
6 22
6 37
6 41
6 42
6 44
6 49
6 50
6 56
6 62
6 64
6 73
6 75
6 80
6 83
6 103
6 106
6 115
6 124
6 131
6 143
6 144
6 154
6 155
6 161
6 165
6 177
6 182
6 184
6 185
6 191
7 10
7 18
7 19
7 22
7 25
7 30
7 43
7 50
7 57
7 59
7 64
7 65
7 66
7 81
7 83
7 92
7 93
7 95
7 96
7 100
7 102
7 104
7 108
7 113
7 114
7 127
7 151
7 166
7 177
7 184
7 187
7 195
7 198
7 199
8 14
8 22
8 30
8 47
8 51
8 55
8 59
8 63
8 69
8 75
8 76
8 77
8 80
8 91
8 108
8 111
8 115
8 122
8 126
8 130
8 135
8 140
8 146
8 161
8 163
8 166
8 171
8 181
8 182
8 191
8 194
8 200
9 18
9 21
9 22
9 29
9 33
9 41
9 47
9 50
9 52
9 53
9 54
9 62
9 67
9 79
9 80
9 83
9 91
9 93
9 95
9 100
9 116
9 120
9 125
9 129
9 132
9 139
9 146
9 149
9 158
9 169
9 173
9 179
9 186
9 188
9 189
9 190
9 197
10 23
10 28
10 33
10 37
10 43
10 48
10 59
10 65
10 66
10 68
10 76
10 84
10 88
10 92
10 122
10 124
10 126
10 130
10 139
10 140
10 143
10 146
10 154
10 155
10 162
10 167
10 169
10 179
10 184
10 189
10 193
10 194
10 195
11 18
11 20
11 30
11 35
11 48
11 50
11 51
11 52
11 53
11 57
11 58
11 59
11 67
11 74
11 77
11 83
11 85
11 86
11 88
11 95
11 107
11 113
11 116
11 119
11 122
11 130
11 139
11 146
11 147
11 155
11 157
11 162
11 168
11 169
11 174
11 176
11 181
11 185
11 188
11 191
11 195
11 196
11 197
11 200
12 16
12 19
12 31
12 32
12 34
12 38
12 48
12 52
12 76
12 79
12 91
12 100
12 104
12 111
12 117
12 126
12 127
12 132
12 136
12 142
12 147
12 149
12 155
12 157
12 159
12 161
12 162
12 166
12 168
12 179
12 191
12 196
13 14
13 18
13 21
13 22
13 24
13 28
13 37
13 42
13 45
13 54
13 62
13 67
13 77
13 81
13 83
13 95
13 97
13 99
13 102
13 112
13 120
13 121
13 124
13 134
13 142
13 153
13 161
13 164
13 177
13 187
13 190
14 17
14 42
14 44
14 57
14 68
14 70
14 75
14 80
14 82
14 90
14 99
14 100
14 101
14 106
14 118
14 121
14 133
14 139
14 141
14 156
14 157
14 161
14 162
14 164
14 166
14 174
14 183
14 188
14 191
14 195
15 19
15 22
15 27
15 29
15 46
15 50
15 53
15 55
15 56
15 58
15 62
15 70
15 77
15 78
15 81
15 89
15 90
15 92
15 94
15 96
15 98
15 101
15 102
15 103
15 104
15 110
15 113
15 114
15 115
15 117
15 120
15 122
15 123
15 125
15 131
15 134
15 140
15 149
15 150
15 154
15 159
15 162
15 166
15 177
15 178
15 186
15 187
15 188
15 189
15 190
16 18
16 23
16 25
16 27
16 34
16 41
16 43
16 44
16 52
16 54
16 59
16 60
16 62
16 65
16 77
16 82
16 85
16 90
16 93
16 95
16 105
16 110
16 111
16 113
16 118
16 121
16 128
16 130
16 135
16 137
16 142
16 144
16 150
16 160
16 165
16 168
16 180
16 181
16 182
16 186
16 187
16 188
16 199
16 200
17 23
17 24
17 29
17 34
17 37
17 51
17 54
17 56
17 57
17 59
17 60
17 62
17 65
17 68
17 70
17 72
17 83
17 87
17 90
17 93
17 97
17 101
17 104
17 106
17 112
17 113
17 116
17 120
17 121
17 136
17 141
17 144
17 147
17 150
17 151
17 158
17 161
17 162
17 165
17 168
17 169
17 172
17 173
17 188
17 195
17 196
17 199
18 23
18 24
18 29
18 34
18 36
18 37
18 46
18 49
18 55
18 59
18 60
18 63
18 67
18 69
18 70
18 92
18 95
18 96
18 112
18 113
18 115
18 123
18 124
18 125
18 126
18 128
18 131
18 135
18 138
18 143
18 145
18 146
18 150
18 151
18 155
18 164
18 169
18 179
18 192
18 198
19 24
19 33
19 35
19 38
19 45
19 48
19 51
19 57
19 61
19 62
19 63
19 64
19 68
19 73
19 76
19 79
19 81
19 82
19 83
19 101
19 102
19 118
19 120
19 127
19 128
19 134
19 135
19 136
19 140
19 141
19 155
19 156
19 158
19 159
19 160
19 163
19 164
19 166
19 167
19 170
19 178
19 181
19 186
19 199
20 21
20 22
20 25
20 26
20 34
20 35
20 36
20 42
20 46
20 49
20 52
20 65
20 75
20 76
20 83
20 88
20 90
20 98
20 99
20 107
20 112
20 116
20 128
20 132
20 135
20 143
20 156
20 158
20 159
20 160
20 168
20 171
20 173
20 174
20 176
20 178
20 182
20 184
20 185
20 187
20 190
20 195
20 198
21 26
21 36
21 39
21 41
21 54
21 55
21 57
21 63
21 65
21 69
21 80
21 89
21 93
21 96
21 98
21 110
21 112
21 117
21 119
21 120
21 127
21 128
21 134
21 135
21 148
21 151
21 154
21 160
21 164
21 176
21 177
21 179
21 187
21 188
21 189
21 190
21 191
21 196
21 197
21 199
22 23
22 31
22 35
22 36
22 40
22 43
22 47
22 48
22 52
22 57
22 59
22 61
22 62
22 85
22 87
22 94
22 96
22 102
22 103
22 108
22 115
22 119
22 120
22 123
22 125
22 131
22 148
22 149
22 159
22 160
22 161
22 167
22 168
22 169
22 175
22 184
22 195
22 197
22 198
22 200
23 27
23 35
23 47
23 55
23 59
23 63
23 68
23 70
23 72
23 87
23 88
23 93
23 95
23 106
23 110
23 112
23 124
23 126
23 130
23 132
23 133
23 135
23 142
23 147
23 148
23 158
23 160
23 161
23 163
23 164
23 173
23 175
23 178
23 187
23 189
23 192
24 28
24 32
24 39
24 42
24 47
24 49
24 71
24 88
24 90
24 93
24 97
24 99
24 101
24 106
24 107
24 113
24 126
24 133
24 140
24 142
24 144
24 152
24 159
24 180
24 181
24 183
24 187
24 188
24 189
24 190
24 191
24 193
25 37
25 50
25 51
25 61
25 81
25 82
25 83
25 95
25 97
25 99
25 105
25 117
25 131
25 132
25 140
25 142
25 146
25 153
25 154
25 155
25 160
25 161
25 163
25 165
25 172
25 176
25 181
25 183
25 184
25 186
25 193
25 198
25 200
26 28
26 32
26 39
26 41
26 53
26 57
26 58
26 59
26 69
26 95
26 96
26 97
26 102
26 107
26 108
26 109
26 116
26 119
26 121
26 123
26 126
26 131
26 137
26 143
26 151
26 154
26 164
26 172
26 173
26 181
26 186
26 192
26 195
27 33
27 37
27 39
27 45
27 48
27 59
27 66
27 77
27 81
27 83
27 92
27 104
27 109
27 112
27 119
27 120
27 121
27 123
27 125
27 126
27 127
27 132
27 133
27 135
27 136
27 139
27 150
27 165
27 167
27 178
27 179
27 187
27 189
27 199
28 29
28 42
28 49
28 50
28 57
28 63
28 67
28 72
28 74
28 76
28 78
28 90
28 96
28 108
28 111
28 124
28 125
28 126
28 130
28 131
28 140
28 141
28 144
28 154
28 157
28 165
28 167
28 169
28 170
28 171
28 172
28 175
28 177
28 180
28 182
28 191
28 195
29 50
29 54
29 56
29 61
29 70
29 75
29 84
29 87
29 93
29 96
29 100
29 102
29 107
29 111
29 120
29 121
29 122
29 129
29 132
29 136
29 142
29 149
29 150
29 169
29 174
29 187
29 191
30 31
30 35
30 44
30 45
30 50
30 51
30 53
30 61
30 62
30 74
30 80
30 88
30 92
30 98
30 115
30 118
30 121
30 126
30 139
30 141
30 144
30 153
30 160
30 163
30 164
30 169
30 174
30 178
30 198
30 199
31 34
31 50
31 51
31 65
31 66
31 67
31 71
31 72
31 76
31 78
31 79
31 80
31 81
31 85
31 89
31 92
31 101
31 112
31 121
31 129
31 138
31 139
31 145
31 150
31 153
31 158
31 160
31 166
31 168
31 169
31 173
31 174
31 176
31 180
31 181
31 184
31 186
31 189
31 190
31 191
31 192
31 196
32 38
32 40
32 41
32 44
32 45
32 48
32 50
32 54
32 60
32 61
32 65
32 67
32 88
32 89
32 91
32 94
32 100
32 109
32 111
32 116
32 119
32 124
32 133
32 136
32 145
32 151
32 153
32 154
32 155
32 163
32 165
32 181
32 184
32 194
32 196
32 197
33 36
33 42
33 45
33 47
33 49
33 53
33 56
33 62
33 66
33 69
33 72
33 85
33 90
33 96
33 102
33 109
33 127
33 144
33 151
33 156
33 163
33 164
33 167
33 176
33 178
33 188
33 189
34 42
34 46
34 80
34 81
34 83
34 88
34 90
34 94
34 96
34 97
34 98
34 133
34 137
34 138
34 142
34 145
34 158
34 161
34 162
34 164
34 172
34 177
34 185
34 187
34 188
34 198
34 199
35 41
35 52
35 65
35 72
35 73
35 79
35 90
35 95
35 97
35 100
35 103
35 104
35 114
35 117
35 119
35 120
35 129
35 132
35 135
35 139
35 146
35 148
35 156
35 164
35 174
35 177
35 178
35 182
35 183
35 193
35 195
35 199
35 200
36 43
36 44
36 46
36 49
36 55
36 56
36 58
36 59
36 65
36 73
36 78
36 81
36 87
36 88
36 90
36 94
36 110
36 111
36 119
36 123
36 128
36 136
36 145
36 146
36 164
36 171
36 175
36 177
36 184
36 192
36 193
36 195
36 197
36 200
37 47
37 57
37 59
37 60
37 64
37 77
37 100
37 104
37 119
37 120
37 121
37 127
37 131
37 135
37 136
37 137
37 171
37 180
37 184
37 188
37 189
37 191
37 193
38 49
38 51
38 53
38 60
38 67
38 70
38 71
38 78
38 82
38 84
38 90
38 103
38 104
38 105
38 114
38 120
38 124
38 132
38 135
38 146
38 159
38 163
38 166
38 167
38 172
38 178
38 179
38 182
38 185
38 191
38 193
38 194
38 195
38 199
38 200
39 45
39 52
39 55
39 56
39 59
39 72
39 81
39 85
39 91
39 92
39 102
39 107
39 109
39 115
39 117
39 125
39 128
39 137
39 140
39 145
39 152
39 163
39 164
39 169
39 171
39 173
39 177
39 185
39 193
39 197
39 200
40 47
40 53
40 57
40 61
40 65
40 70
40 73
40 81
40 84
40 85
40 88
40 102
40 113
40 115
40 116
40 122
40 125
40 127
40 133
40 134
40 138
40 149
40 153
40 156
40 162
40 163
40 169
40 175
40 179
40 193
40 198
40 199
40 200
41 48
41 51
41 65
41 73
41 74
41 78
41 84
41 92
41 98
41 102
41 106
41 107
41 109
41 118
41 122
41 143
41 147
41 157
41 166
41 170
41 171
41 173
41 174
41 179
41 181
41 183
41 185
41 187
41 189
42 45
42 47
42 49
42 52
42 61
42 70
42 74
42 79
42 88
42 89
42 96
42 104
42 108
42 109
42 116
42 128
42 140
42 141
42 146
42 149
42 151
42 164
42 173
42 174
42 175
42 177
42 183
42 189
42 198
43 51
43 55
43 65
43 72
43 74
43 81
43 92
43 96
43 106
43 108
43 118
43 132
43 134
43 140
43 143
43 145
43 152
43 153
43 157
43 162
43 177
43 186
43 196
44 45
44 49
44 52
44 57
44 58
44 65
44 67
44 83
44 85
44 87
44 88
44 92
44 96
44 97
44 105
44 106
44 108
44 116
44 122
44 126
44 129
44 130
44 131
44 140
44 149
44 162
44 164
44 166
44 167
44 170
44 172
44 174
44 178
44 183
44 189
44 197
45 51
45 57
45 60
45 61
45 64
45 68
45 76
45 83
45 85
45 92
45 95
45 100
45 102
45 107
45 108
45 112
45 117
45 118
45 119
45 120
45 129
45 133
45 134
45 135
45 137
45 141
45 157
45 159
45 160
45 173
45 174
45 181
45 186
45 191
46 70
46 78
46 80
46 83
46 87
46 96
46 102
46 107
46 128
46 130
46 132
46 133
46 140
46 142
46 145
46 151
46 157
46 161
46 164
46 169
46 171
46 175
46 178
46 180
46 189
46 196
46 199
47 51
47 52
47 61
47 66
47 73
47 78
47 82
47 86
47 87
47 90
47 91
47 95
47 103
47 107
47 110
47 113
47 123
47 127
47 128
47 147
47 149
47 153
47 164
47 185
47 189
47 193
47 198
47 199
48 51
48 52
48 53
48 58
48 62
48 66
48 75
48 81
48 87
48 88
48 89
48 93
48 94
48 95
48 96
48 100
48 107
48 113
48 120
48 129
48 140
48 144
48 150
48 156
48 161
48 178
48 179
48 188
48 195
48 197
49 50
49 55
49 64
49 73
49 78
49 84
49 86
49 95
49 99
49 105
49 106
49 107
49 120
49 123
49 126
49 128
49 129
49 135
49 148
49 152
49 159
49 163
49 164
49 165
49 171
49 177
49 179
49 181
49 192
49 197
49 198
50 54
50 58
50 60
50 66
50 70
50 71
50 72
50 75
50 78
50 93
50 95
50 103
50 106
50 111
50 120
50 130
50 131
50 132
50 133
50 134
50 137
50 141
50 142
50 146
50 152
50 154
50 167
50 168
50 173
50 174
50 177
50 179
50 200
51 60
51 63
51 76
51 77
51 81
51 82
51 89
51 93
51 102
51 107
51 110
51 116
51 120
51 125
51 127
51 130
51 133
51 176
51 191
51 195
51 196
52 53
52 62
52 68
52 71
52 96
52 103
52 111
52 113
52 116
52 117
52 126
52 139
52 140
52 149
52 152
52 153
52 167
52 170
52 178
52 187
52 192
53 60
53 66
53 71
53 72
53 79
53 86
53 96
53 102
53 106
53 107
53 114
53 117
53 118
53 120
53 121
53 122
53 128
53 134
53 137
53 154
53 160
53 163
53 172
53 174
53 180
53 182
53 191
53 193
53 194
53 196
53 199
53 200
54 57
54 60
54 68
54 73
54 78
54 81
54 84
54 93
54 94
54 104
54 110
54 115
54 119
54 128
54 130
54 137
54 144
54 148
54 151
54 162
54 163
54 164
54 170
54 172
54 173
54 178
54 191
54 193
55 58
55 60
55 73
55 76
55 88
55 94
55 100
55 108
55 110
55 122
55 124
55 125
55 133
55 135
55 141
55 143
55 144
55 146
55 159
55 163
55 166
55 169
55 170
55 186
55 195
55 200
56 64
56 65
56 68
56 70
56 72
56 79
56 81
56 84
56 92
56 95
56 102
56 104
56 108
56 110
56 118
56 124
56 125
56 128
56 139
56 143
56 145
56 146
56 152
56 154
56 155
56 161
56 180
56 184
56 185
56 196
56 198
56 200
57 67
57 70
57 71
57 73
57 77
57 90
57 110
57 116
57 117
57 119
57 121
57 123
57 125
57 129
57 135
57 136
57 137
57 144
57 145
57 147
57 148
57 153
57 156
57 166
57 179
57 192
58 61
58 66
58 67
58 69
58 70
58 83
58 86
58 94
58 105
58 132
58 133
58 136
58 142
58 146
58 147
58 152
58 156
58 159
58 170
58 172
58 176
58 184
58 189
58 195
58 199
59 63
59 70
59 73
59 74
59 78
59 81
59 91
59 93
59 98
59 113
59 115
59 117
59 122
59 128
59 136
59 140
59 156
59 159
59 162
59 163
59 164
59 167
59 175
59 196
60 71
60 82
60 84
60 90
60 98
60 112
60 115
60 117
60 131
60 132
60 136
60 138
60 139
60 146
60 152
60 156
60 160
60 163
60 172
60 175
60 176
60 180
60 183
61 63
61 65
61 68
61 73
61 74
61 77
61 78
61 82
61 88
61 89
61 103
61 111
61 117
61 120
61 122
61 141
61 144
61 154
61 160
61 166
61 171
61 180
61 186
61 188
61 190
61 195
61 200
62 70
62 71
62 79
62 85
62 86
62 88
62 92
62 96
62 98
62 106
62 111
62 112
62 115
62 122
62 125
62 126
62 149
62 155
62 157
62 165
62 168
62 169
62 176
62 178
62 179
62 183
62 197
62 200
63 68
63 72
63 75
63 80
63 84
63 85
63 89
63 99
63 101
63 105
63 112
63 113
63 118
63 131
63 146
63 147
63 152
63 156
63 160
63 161
63 162
63 164
63 167
63 168
63 176
63 182
63 183
63 194
64 70
64 72
64 74
64 75
64 78
64 79
64 81
64 87
64 94
64 99
64 100
64 103
64 106
64 107
64 110
64 111
64 113
64 118
64 120
64 124
64 127
64 135
64 139
64 142
64 147
64 153
64 155
64 158
64 164
64 169
64 174
64 192
64 195
64 197
64 200
65 69
65 71
65 76
65 85
65 86
65 88
65 93
65 95
65 103
65 108
65 117
65 129
65 132
65 138
65 143
65 144
65 154
65 165
65 168
65 172
65 173
65 175
65 182
65 185
66 70
66 74
66 87
66 88
66 97
66 108
66 110
66 116
66 117
66 120
66 122
66 129
66 138
66 140
66 141
66 142
66 145
66 147
66 148
66 149
66 151
66 157
66 159
66 160
66 170
66 172
66 175
66 177
66 178
66 183
66 184
66 193
66 194
66 197
66 198
66 200
67 68
67 70
67 72
67 75
67 77
67 83
67 93
67 100
67 103
67 104
67 112
67 127
67 138
67 145
67 149
67 150
67 158
67 159
67 160
67 168
67 171
67 172
67 176
67 184
67 188
67 191
67 195
67 197
68 69
68 72
68 82
68 84
68 93
68 98
68 101
68 102
68 106
68 109
68 113
68 118
68 136
68 146
68 147
68 149
68 151
68 156
68 170
68 172
68 174
68 176
68 183
68 184
68 194
68 195
69 78
69 79
69 84
69 91
69 92
69 98
69 99
69 100
69 101
69 108
69 109
69 110
69 115
69 119
69 123
69 133
69 145
69 158
69 159
69 160
69 165
69 192
69 193
69 196
69 197
70 78
70 79
70 102
70 108
70 109
70 125
70 129
70 134
70 136
70 140
70 148
70 153
70 154
70 158
70 182
70 186
70 190
70 200
71 79
71 82
71 93
71 95
71 101
71 105
71 106
71 129
71 132
71 138
71 142
71 144
71 150
71 153
71 157
71 160
71 167
71 179
71 185
71 186
72 80
72 84
72 85
72 88
72 89
72 98
72 101
72 103
72 106
72 112
72 124
72 127
72 129
72 130
72 132
72 136
72 149
72 154
72 157
72 160
72 163
72 166
72 170
72 175
72 183
72 187
72 193
72 198
73 77
73 79
73 85
73 86
73 92
73 93
73 104
73 109
73 127
73 131
73 141
73 142
73 146
73 149
73 153
73 155
73 156
73 160
73 167
73 174
73 176
73 177
73 181
73 184
73 187
73 189
73 196
74 76
74 92
74 93
74 96
74 97
74 98
74 104
74 117
74 127
74 132
74 141
74 144
74 149
74 164
74 168
74 181
74 182
74 183
74 184
74 190
74 197
75 81
75 94
75 100
75 110
75 115
75 122
75 124
75 125
75 137
75 139
75 150
75 164
75 166
75 170
75 171
75 175
75 176
75 184
75 185
75 186
75 189
75 193
75 199
75 200
76 78
76 81
76 84
76 106
76 111
76 118
76 120
76 124
76 129
76 138
76 139
76 141
76 142
76 150
76 161
76 166
76 167
76 170
76 173
76 176
76 186
76 190
76 200
77 78
77 81
77 82
77 90
77 96
77 99
77 100
77 104
77 107
77 112
77 114
77 116
77 132
77 135
77 138
77 148
77 149
77 151
77 165
77 169
77 176
77 191
78 80
78 88
78 92
78 99
78 110
78 111
78 143
78 145
78 151
78 152
78 162
78 167
78 175
78 179
78 182
78 185
78 186
78 196
79 87
79 91
79 96
79 97
79 103
79 106
79 111
79 114
79 115
79 116
79 118
79 120
79 128
79 130
79 139
79 141
79 143
79 146
79 151
79 157
79 162
79 167
79 176
79 179
79 182
79 184
79 191
80 81
80 94
80 97
80 106
80 107
80 113
80 114
80 117
80 121
80 123
80 128
80 133
80 138
80 139
80 144
80 147
80 157
80 158
80 162
80 164
80 168
80 183
80 185
80 193
80 200
81 83
81 88
81 90
81 97
81 98
81 101
81 106
81 111
81 114
81 115
81 116
81 124
81 129
81 131
81 132
81 133
81 139
81 142
81 159
81 161
81 164
81 171
81 175
81 178
81 183
81 184
81 188
81 189
81 192
81 194
81 198
82 89
82 90
82 92
82 94
82 95
82 99
82 104
82 107
82 113
82 118
82 121
82 136
82 137
82 140
82 142
82 147
82 156
82 157
82 160
82 164
82 167
82 171
82 174
82 186
83 102
83 104
83 107
83 108
83 109
83 114
83 118
83 120
83 122
83 124
83 126
83 128
83 132
83 133
83 139
83 143
83 147
83 154
83 157
83 161
83 163
83 173
83 177
83 178
83 184
84 87
84 90
84 95
84 103
84 104
84 107
84 131
84 133
84 139
84 141
84 150
84 158
84 163
84 177
84 178
84 179
84 181
84 183
84 191
84 194
84 195
85 92
85 95
85 100
85 106
85 109
85 117
85 129
85 132
85 133
85 142
85 157
85 165
85 175
85 176
85 178
85 183
85 184
85 190
85 191
85 195
85 197
86 87
86 89
86 116
86 119
86 120
86 125
86 132
86 133
86 141
86 145
86 148
86 151
86 157
86 159
86 161
86 162
86 166
86 171
86 181
86 195
86 196
86 200
87 88
87 93
87 98
87 106
87 110
87 117
87 126
87 129
87 132
87 142
87 147
87 154
87 157
87 158
87 160
87 162
87 163
87 166
87 167
87 170
87 173
87 177
87 185
87 188
87 195
88 93
88 95
88 102
88 103
88 109
88 116
88 117
88 126
88 128
88 132
88 136
88 143
88 145
88 149
88 160
88 162
88 164
88 166
88 171
88 174
88 188
88 190
88 193
88 198
88 200
89 92
89 93
89 99
89 105
89 129
89 133
89 136
89 143
89 160
89 169
89 170
89 171
89 174
89 177
89 179
89 192
89 197
89 200
90 94
90 95
90 96
90 98
90 102
90 104
90 111
90 114
90 118
90 119
90 121
90 131
90 139
90 140
90 142
90 145
90 148
90 155
90 163
90 168
90 171
90 176
90 182
90 186
90 191
90 192
90 194
90 195
90 196
90 199
91 93
91 102
91 105
91 108
91 111
91 120
91 124
91 126
91 128
91 135
91 150
91 158
91 162
91 163
91 166
91 167
91 170
91 171
91 173
91 175
91 190
91 191
91 194
91 195
91 198
92 95
92 98
92 103
92 104
92 105
92 107
92 109
92 116
92 122
92 151
92 156
92 158
92 165
92 169
92 177
92 183
92 186
92 188
92 189
92 192
93 95
93 96
93 108
93 109
93 111
93 112
93 116
93 120
93 124
93 125
93 152
93 153
93 161
93 165
93 169
93 174
93 175
93 177
93 179
93 186
93 188
94 99
94 102
94 107
94 114
94 116
94 119
94 121
94 132
94 134
94 136
94 141
94 149
94 152
94 156
94 164
94 174
94 175
94 182
94 185
94 199
94 200
95 96
95 102
95 111
95 114
95 122
95 125
95 127
95 135
95 144
95 148
95 157
95 161
95 165
95 172
95 177
95 178
95 183
95 187
95 194
96 97
96 103
96 109
96 113
96 128
96 138
96 139
96 142
96 143
96 144
96 155
96 158
96 165
96 170
96 173
96 174
96 176
96 182
96 188
96 190
96 191
96 195
96 198
96 199
97 98
97 102
97 103
97 106
97 107
97 110
97 113
97 122
97 136
97 140
97 143
97 145
97 147
97 148
97 149
97 152
97 156
97 159
97 167
97 172
97 177
97 184
97 187
97 192
97 195
97 197
98 99
98 106
98 116
98 117
98 122
98 123
98 126
98 135
98 141
98 144
98 146
98 147
98 151
98 154
98 156
98 161
98 164
98 165
98 169
98 173
98 181
98 183
98 190
98 196
98 197
98 200
99 101
99 110
99 113
99 115
99 118
99 119
99 123
99 124
99 126
99 127
99 143
99 146
99 149
99 152
99 155
99 157
99 159
99 178
99 182
99 184
99 185
99 189
99 191
99 193
99 194
99 196
100 101
100 105
100 107
100 119
100 122
100 125
100 130
100 133
100 135
100 136
100 140
100 145
100 146
100 162
100 168
100 171
100 173
100 183
100 186
100 195
100 200
101 112
101 116
101 119
101 120
101 121
101 125
101 126
101 131
101 136
101 142
101 146
101 151
101 153
101 160
101 162
101 168
101 172
101 178
101 180
101 182
101 190
101 196
101 200
102 104
102 105
102 116
102 128
102 129
102 134
102 137
102 140
102 147
102 159
102 160
102 167
102 169
102 171
102 193
102 194
102 195
102 197
102 198
102 200
103 112
103 113
103 121
103 125
103 128
103 131
103 132
103 133
103 137
103 141
103 142
103 145
103 147
103 151
103 153
103 155
103 160
103 174
103 182
103 183
103 186
103 187
103 194
103 198
104 106
104 109
104 118
104 121
104 141
104 145
104 147
104 154
104 165
104 166
104 170
104 177
104 189
104 191
104 200
105 116
105 122
105 125
105 130
105 134
105 148
105 151
105 154
105 158
105 171
105 174
105 180
105 186
105 189
105 195
105 196
105 197
106 111
106 121
106 124
106 128
106 135
106 146
106 148
106 156
106 159
106 161
106 163
106 165
106 166
106 167
106 176
106 179
106 186
106 188
106 197
107 108
107 112
107 117
107 120
107 141
107 144
107 158
107 162
107 163
107 171
107 172
107 175
107 177
107 191
107 194
108 118
108 120
108 126
108 131
108 139
108 140
108 153
108 155
108 164
108 166
108 172
108 175
108 179
108 181
108 184
108 188
108 191
108 195
109 114
109 117
109 118
109 121
109 123
109 125
109 126
109 127
109 128
109 131
109 133
109 137
109 141
109 147
109 153
109 154
109 160
109 161
109 165
109 167
109 180
109 182
109 189
109 190
109 197
110 115
110 119
110 121
110 125
110 126
110 131
110 133
110 143
110 145
110 149
110 151
110 152
110 157
110 182
110 185
110 188
110 197
110 198
111 112
111 113
111 120
111 126
111 128
111 140
111 143
111 148
111 159
111 161
111 180
111 182
111 193
111 195
111 196
112 118
112 145
112 146
112 149
112 153
112 155
112 162
112 171
112 173
112 175
112 183
112 188
112 192
113 114
113 117
113 124
113 125
113 127
113 129
113 131
113 132
113 133
113 136
113 139
113 143
113 148
113 156
113 175
113 183
113 188
113 194
113 196
113 197
114 115
114 116
114 117
114 120
114 130
114 138
114 142
114 144
114 151
114 159
114 160
114 161
114 168
114 187
114 190
114 191
114 195
114 196
114 199
115 118
115 119
115 120
115 128
115 140
115 144
115 146
115 149
115 150
115 152
115 156
115 158
115 165
115 175
115 179
115 180
115 188
115 199
116 119
116 120
116 122
116 126
116 145
116 152
116 160
116 164
116 170
116 172
116 177
116 182
116 186
116 191
116 193
117 121
117 127
117 129
117 151
117 155
117 164
117 168
117 172
117 179
117 182
117 183
117 184
117 185
117 195
118 119
118 123
118 124
118 130
118 131
118 136
118 143
118 147
118 150
118 154
118 158
118 168
118 170
118 180
118 189
118 194
119 126
119 128
119 129
119 137
119 144
119 154
119 157
119 159
119 161
119 164
119 166
119 173
119 177
119 179
119 191
119 199
120 123
120 127
120 141
120 143
120 145
120 152
120 159
120 161
120 166
120 171
120 179
120 198
121 128
121 129
121 134
121 141
121 147
121 148
121 153
121 158
121 162
121 164
121 168
121 177
121 184
121 199
122 128
122 129
122 135
122 141
122 145
122 146
122 149
122 151
122 152
122 155
122 163
122 165
122 177
122 180
122 189
122 190
122 194
122 195
123 129
123 133
123 135
123 137
123 146
123 149
123 150
123 154
123 156
123 159
123 161
123 167
123 168
123 173
123 174
123 177
123 183
123 200
124 130
124 136
124 137
124 138
124 141
124 146
124 147
124 152
124 154
124 160
124 165
124 168
124 175
124 178
124 179
124 181
124 187
124 188
124 191
124 193
124 196
125 126
125 130
125 144
125 145
125 150
125 151
125 156
125 181
125 188
125 191
125 192
125 196
125 199
126 131
126 134
126 139
126 143
126 151
126 152
126 160
126 166
126 173
126 189
126 190
126 194
126 197
127 128
127 130
127 133
127 138
127 155
127 164
127 168
127 172
127 173
127 175
127 178
127 191
127 196
127 198
127 199
127 200
128 129
128 133
128 140
128 143
128 152
128 164
128 167
128 177
128 179
128 180
128 181
128 183
128 184
128 185
128 191
128 193
128 199
129 136
129 138
129 139
129 142
129 143
129 145
129 149
129 150
129 170
129 173
129 175
129 176
129 177
129 184
129 191
129 195
129 197
129 199
130 134
130 140
130 148
130 160
130 161
130 168
130 171
130 186
130 190
131 137
131 141
131 149
131 150
131 152
131 162
131 167
131 168
131 189
131 192
131 194
132 144
132 149
132 154
132 156
132 157
132 158
132 163
132 168
132 169
132 171
132 177
132 178
132 181
132 191
132 194
132 195
133 134
133 136
133 144
133 151
133 152
133 155
133 156
133 158
133 159
133 160
133 163
133 164
133 165
133 166
133 167
133 171
133 174
133 189
134 135
134 137
134 139
134 143
134 146
134 147
134 152
134 153
134 168
134 172
134 173
134 198
135 145
135 149
135 153
135 157
135 159
135 161
135 163
135 166
135 168
135 169
135 173
135 175
135 185
135 189
135 190
135 194
135 197
135 200
136 138
136 144
136 150
136 154
136 157
136 160
136 165
136 166
136 167
136 172
136 182
136 187
136 189
136 190
136 194
136 197
137 148
137 156
137 172
137 173
137 178
137 183
137 196
138 143
138 145
138 152
138 154
138 164
138 171
138 174
138 181
138 182
138 185
138 192
138 196
139 143
139 144
139 160
139 167
139 182
139 185
139 193
139 195
139 199
140 154
140 155
140 161
140 163
140 164
140 168
140 177
140 178
140 180
140 185
140 189
140 190
140 196
140 197
140 198
140 199
141 142
141 143
141 160
141 164
141 176
141 187
141 196
141 197
142 145
142 151
142 154
142 155
142 156
142 158
142 162
142 185
142 186
142 187
142 189
142 191
142 194
142 195
142 199
143 148
143 153
143 156
143 159
143 180
143 191
143 196
143 199
144 145
144 147
144 150
144 154
144 167
144 171
144 172
144 173
144 175
144 177
144 179
144 183
144 186
144 188
144 195
144 196
144 197
144 198
144 199
145 146
145 147
145 154
145 156
145 158
145 159
145 163
145 169
145 172
145 180
145 186
145 188
145 192
145 194
145 195
146 152
146 153
146 160
146 173
146 177
146 180
146 189
146 194
146 195
146 198
147 158
147 164
147 171
147 175
147 180
147 185
147 190
147 197
148 159
148 170
148 171
148 179
148 195
148 196
148 197
148 199
149 153
149 157
149 163
149 167
149 172
149 175
149 177
149 185
149 189
149 199
150 154
150 156
150 157
150 160
150 170
150 172
150 184
150 185
150 188
150 191
151 156
151 166
151 170
151 171
151 172
151 173
151 178
151 186
151 190
151 195
151 198
152 153
152 165
152 177
152 179
152 184
152 185
152 186
152 190
152 200
153 159
153 164
153 168
153 173
153 175
153 177
153 185
153 194
153 198
153 200
154 159
154 160
154 162
154 167
154 178
154 179
154 186
154 195
154 198
154 200
155 159
155 160
155 162
155 165
155 170
155 172
155 175
155 188
156 163
156 173
156 178
156 184
156 191
156 194
156 199
156 200
157 164
157 173
157 181
157 182
157 187
157 193
158 159
158 160
158 162
158 165
158 168
158 174
158 177
158 182
158 185
158 186
158 187
158 189
158 190
158 195
158 200
159 180
159 182
159 184
159 185
159 196
159 197
160 167
160 169
160 174
160 178
160 181
160 183
160 198
160 199
161 165
161 172
161 175
161 181
161 186
161 189
161 193
161 194
161 197
161 198
161 199
162 168
162 171
162 172
162 179
162 182
162 185
162 189
163 172
163 176
163 178
163 184
163 186
163 189
163 191
163 199
164 175
164 180
164 181
164 186
164 192
164 200
165 170
165 187
166 171
166 182
166 186
166 193
166 194
166 195
166 196
166 198
166 200
167 176
167 178
167 186
167 193
167 196
167 199
167 200
168 172
168 176
168 183
168 184
168 190
168 191
168 196
168 198
169 171
169 181
169 184
169 191
169 195
169 197
170 171
170 191
170 198
171 173
171 175
171 179
171 182
171 184
171 185
171 189
171 190
171 191
171 193
172 181
172 185
172 186
172 187
172 188
172 196
172 200
173 174
173 179
173 185
173 191
175 176
175 177
175 181
175 184
175 188
175 189
175 194
176 188
176 190
176 191
176 199
177 180
177 182
177 183
177 185
177 190
177 193
177 198
178 184
178 185
178 186
178 189
178 198
178 199
179 182
179 187
179 191
179 194
179 197
179 198
179 199
180 185
180 188
180 192
181 185
181 190
181 192
181 196
182 189
182 192
182 194
182 199
183 193
183 199
184 188
184 189
184 198
184 200
185 188
185 190
185 192
185 193
185 197
185 198
186 190
186 195
187 190
187 193
187 199
188 191
188 195
189 195
189 196
189 197
189 198
190 198
191 192
191 194
193 200
195 198
196 197
197 198